{
 "cells": [
  {
   "cell_type": "markdown",
   "metadata": {},
   "source": [
    "# Genetic Algorithm for solving TSP\n",
    "\n",
    "          \n",
    "\n",
    "\n",
    "\n",
    "\n",
    "\n",
    "\n",
    "\n",
    "\n",
    "\n",
    "\n",
    "\n",
    "\n",
    "\n",
    "\n",
    "\n",
    "\n",
    "\n",
    "\n",
    "## Qu'est qu'un algorithm genetique ?\n",
    "\n",
    "L'algorithme génétique appartient à la famille des algorithmes évolutionnistes ,se sont une famille d'algorithmes dont le principe s'inspire de la théorie de l'évolution pour résoudre des problèmes divers. L'idée est de faire évoluer un ensemble de solutions à un problème donné, dans l'optique de trouver les meilleurs résultats.\n",
    "\n",
    "L'idée generale d'un l'algorithm genetic peut être répresenté comme suite:\n",
    "\n",
    "![alt text](https://s3-ap-south-1.amazonaws.com/av-blog-media/wp-content/uploads/2017/07/22154007/steps.png \"test\")\n",
    "\n",
    "![alt_text](https://cdn-images-1.medium.com/max/1000/1*vIrsxg12DSltpdWoO561yA.png \"hehe\")\n",
    "## objectif de cet présentation\n",
    "\n",
    "on va implémenter sous python cet algorithm pour résoudre un problème un classique d'algorithmique qu'est le problème du voyageur de commerce. \n",
    "Son sujet concerne les trajets d'un voyageur de commerce. Celui-ci doit s'arrêter en plusieurs points, et le but de l'algorithme est d'optimiser le trajet de façon que celui-ci soit le plus court possible. \n",
    "\n",
    "## Implémentation\n",
    "Pour commencer , on a besoin faire la liaison entre chaque terme génétique et ce qu'il réprésente pour le problème du TSP\n",
    "\n",
    "### 1-le gène\n",
    "La classe City jouent le rôle du gène dans notre algorithm, une ville est représenté par un nom et des coordonnées. Une ville peut calculer sa distance par rapports aux autre ville\n"
   ]
  },
  {
   "cell_type": "code",
   "execution_count": 1,
   "metadata": {},
   "outputs": [],
   "source": [
    "class City(object):\n",
    "    \n",
    "    def __init__(self , name , x , y ):\n",
    "        self.name = name\n",
    "        self.x=x \n",
    "        self.y=y \n",
    "        self.distances = {} # initiliasé le dictionnaire des distance local\n",
    "        cities.append(self)     \n",
    "    def Calculate_Distances(self):\n",
    "        # calculer la distance euclidièene pour accéder à chaque cité\n",
    "        x1,y1 = self.x , self.y\n",
    "        for city in cities:\n",
    "            x2,y2 = city.x , city.y\n",
    "            self.distances[city.name] =  s"
   ]
  },
  {
   "cell_type": "markdown",
   "metadata": {},
   "source": [
    "### 2- le chromosome\n",
    "\n",
    "Path est une classe pour réprésenter les chemins dans notre TSP, ils jouent le rôle des chromosomes pour notre algorithme genétique \n",
    "Un chemin est une liste de ville parcourues de gauche à droite [A->B->C...->Z] , généré aléatoirement au départ. Ce qui nous interésse dans le chemin c'est sa distance totale qui jouera d'ailleur le rôle de la fitness qu'on essaie de minimiser"
   ]
  },
  {
   "cell_type": "code",
   "execution_count": 2,
   "metadata": {},
   "outputs": [],
   "source": [
    "class Path(object):\n",
    "   \n",
    "    def __init__(self , path_to_decode = None ,size = None):\n",
    "        \n",
    "        if path_to_decode != None:\n",
    "            self.path=[]\n",
    "            for p in path_to_decode:\n",
    "                self.path.append(cities[p])\n",
    "        else:   \n",
    "            #On initlialise un chemin au hasard et on intilalise sa longeur avec path_lenght()\n",
    "            self.path = list(np.random.permutation(cities))\n",
    "            self.path_lenght()\n",
    "            if size != None:\n",
    "                self.length = size\n",
    "            \n",
    "    def path_lenght(self): # fonction pour calculer la longeur d'un chemin\n",
    "        self.length = 0\n",
    "        for city in self.path:\n",
    "            next_city_index = self.path.index(city) - len(cities) + 1 \n",
    "            next_city = self.path[next_city_index]\n",
    "            next_city_lenght = city.distances[next_city.name]\n",
    "            self.length += next_city_lenght"
   ]
  },
  {
   "cell_type": "markdown",
   "metadata": {},
   "source": [
    "### 3- la population\n",
    "\n",
    "Population est une classe qui répresente notre population de chromosomes(i.e chemins),\n",
    "elle contient un nombre prédefini de chromosomes au depart et reconnait le meilleur chemin ( celui avec la fitness minim)"
   ]
  },
  {
   "cell_type": "code",
   "execution_count": 3,
   "metadata": {},
   "outputs": [],
   "source": [
    "class Population(object):\n",
    "    \n",
    "    def __init__(self , pop_size = None , cross_over_methode=\"ERX\"):\n",
    "        self.paths = []\n",
    "        self.methode = cross_over_methode\n",
    "        self.size=0\n",
    "        \n",
    "        if pop_size != None :\n",
    "            self.size=pop_size\n",
    "            for i in range(pop_size):\n",
    "                #on crée pop_size route aléatoirement \n",
    "                self.paths.append(Path())\n",
    "            # on tri les chemins par ordre croissant        \n",
    "    def best_path(self, pos = None):\n",
    "        if pos != None:    \n",
    "            best = sorted(self.paths, key=lambda x: x.length, reverse=False)[pos]\n",
    "        else:\n",
    "            best = sorted(self.paths, key=lambda x: x.length, reverse=False)\n",
    "        return best"
   ]
  },
  {
   "cell_type": "markdown",
   "metadata": {},
   "source": [
    "##  Outils pour la genetic\n",
    "\n",
    "Maintenant qu'on a representé les objet dont on a besoin pour résoudre le problème du TSP , on a besoin de représenter nos outils \n",
    "\n",
    "###  1- le crossover\n",
    "\n",
    "il y a plusieurs moyens pour faire le crossover, le plus basic  :\n",
    "![alt_text](http://www.abrandao.com/wp-content/uploads/2015/01/gene_crossover.gif \"hehe\")\n",
    "\n",
    "après avoir tester plusieurs crossover j'ai choisi le \"Genetic edge recombination crossover (ER)\" developper par Whitley et al. (1989, 1991).\n",
    "\n",
    "![alt_text](https://www.researchgate.net/publication/269524504/figure/fig2/AS:393506146275335@1470830584629/Example-of-the-steps-involved-in-edge-recombination-crossover-ER.jpg \"EAX\")\n",
    "\n",
    "\n",
    "\n",
    "### 2- la mutation\n",
    "\n",
    "comme pour le crossover , il y a plusieurs type de mutation , la plus basic consiste a \"swaper\" deux gènes aux hasard.\n",
    "\n",
    "une meilleur mutation est l'application d'un 2-opt qui est un algorithme de recherche local qui s'énonse ainsi:\n",
    "    \n",
    "trouver une 2-permutation de $H$  produisant le cycle H tel que coût(H') < coût(H);\n",
    "remplacer H par H′ ;\n",
    "recommencer tant qu’une telle 2-permutation est possible.\n",
    "\n",
    "![alt_text](http://i2.wp.com/www.saipanyam.net/wp-content/uploads/2011/06/Stochastic2opt.png? \"hehe\")\n",
    "\n",
    "\n",
    "le 2-opt est en réalité qu'une specification du k-opt qui consiste à swaper $k$ edges \n",
    "![alt_text](https://www.researchgate.net/profile/Kamran_Zamanifar/publication/251985406/figure/fig2/AS:393200561868801@1470757727174/3-opt-move-seven-distinct-tour-are-obtained-from-original-tour-We-use-X-X-1-replace.jpg \"hehe\")\n",
    "\n",
    "la mutation que j'ai choisi pour ce programme ce base sur l'heuristique de Lin-Kernighan qui consiste à faire un k-opt adaptatif en faisant un certain nombre de flips successifs.\n",
    "je me suis restreint à faire des 2 ou 3-opt successive sur un point fix car au delas de 4-opt le temps calcules augumente d'une façon exponentiel $2^k$ \n",
    "\n",
    "![alt_text](https://media.giphy.com/media/1Be4dzHsXyVeJ5NoUU/giphy.gif)\n",
    "\n"
   ]
  },
  {
   "cell_type": "code",
   "execution_count": 4,
   "metadata": {},
   "outputs": [],
   "source": [
    "class genetic_tools(object):\n",
    "\n",
    "    def cross_over(PathA,PathB , method,PathC = None):\n",
    "        child = Path()\n",
    "        for n in range(length):\n",
    "            child.path[n] = None\n",
    "            \n",
    "        if method == \"basic\":      \n",
    "            random_cut = np.random.randint(0,length)\n",
    "\n",
    "            for x in range(0,random_cut):\n",
    "                child.path[x] = PathA.path[x]\n",
    "\n",
    "            for i in range(random_cut, length):          \n",
    "                if not PathB.path[i] in child.path:\n",
    "                    child.path[i] = PathB.path[i]\n",
    "                else:\n",
    "                    for j in range(length):\n",
    "                        if not PathB.path[j] in child.path:\n",
    "                            child.path[i] = PathB.path[j]\n",
    "                            break;\n",
    "            child.path_lenght()\n",
    "            return child\n",
    "        \n",
    "#--------------------------------------------------------------------------------------------------------------  \n",
    "\n",
    "        if method == \"two_cross_point\":\n",
    "            a,b = np.random.sample(range(length-1),2)\n",
    "            first_cut = a\n",
    "            second_cut = b\n",
    "            if a > b :\n",
    "                first_cut = b\n",
    "                second_cut = a\n",
    "            \n",
    "            for x in range(0,first_cut):\n",
    "                child.path[x] = PathA.path[x]\n",
    "            for u in range(second_cut,length):\n",
    "                child.path[u] = PathA.path[u]\n",
    "            for i in range(first_cut, second_cut):          \n",
    "                if not PathB.path[i] in child.path:\n",
    "                    child.path[i] = PathB.path[i]\n",
    "                else:\n",
    "                    for j in range(length):\n",
    "                        if not PathB.path[j] in child.path:\n",
    "                            child.path[i] = PathB.path[j]\n",
    "                            break;\n",
    "            child.path_lenght()\n",
    "            return child\n",
    " #--------------------------------------------------------------------------------------------------------------       \n",
    "        if method == \"2_cross_point_V2\":\n",
    "            first_cut = second_cut = 0\n",
    "            while first_cut == second_cut: \n",
    "                first_cut = np.random.randint(0,length)\n",
    "                second_cut = np.random.randint(0,length)\n",
    "            if first_cut < second_cut:\n",
    "                for x in range(0,first_cut):\n",
    "                    child.path[x] = PathA.path[x]\n",
    "                for u in range(second_cut,length):\n",
    "                    child.path[u] = PathA.path[u]\n",
    "                for i in range(first_cut, second_cut):          \n",
    "                    if not PathB.path[i] in child.path:\n",
    "                        child.path[i] = PathB.path[i]\n",
    "                    else:\n",
    "                        for j in range(length):\n",
    "                            if not PathB.path[j] in child.path:\n",
    "                                child.path[i] = PathB.path[j]\n",
    "                                break;\n",
    "            else:\n",
    "                for x in range(0,second_cut):\n",
    "                    child.path[x] = PathA.path[x]\n",
    "                for u in range(first_cut,length):\n",
    "                    child.path[u] = PathA.path[u]\n",
    "                for i in range(second_cut, first_cut):          \n",
    "                    if not PathB.path[i] in child.path:\n",
    "                        child.path[i] = PathB.path[i]\n",
    "                    else:\n",
    "                        for j in range(length):\n",
    "                            if not PathB.path[j] in child.path:\n",
    "                                child.path[i] = PathB.path[j]\n",
    "                                break;\n",
    "            child.path_lenght()\n",
    "            return child\n",
    " #------------------------------------------------------------------------------------------------------------       \n",
    "        if method == \"ERX\":\n",
    "            edges = {}\n",
    "            pathA = PathA\n",
    "            pathB = PathB\n",
    "            for city in pathA.path : \n",
    "                Aneighbors=[]\n",
    "                Bneighbors=[]\n",
    "                next_city_index = pathA.path.index(city) - len(cities) + 1 \n",
    "                next_city = pathA.path[next_city_index].name\n",
    "                past_city_index = pathA.path.index(city)  - 1 \n",
    "                past_city = pathA.path[past_city_index].name\n",
    "                Aneighbors.append(next_city)\n",
    "                Bneighbors.append(past_city)\n",
    "                next_city_index = pathB.path.index(city) - len(cities) + 1 \n",
    "                next_city = pathB.path[next_city_index].name\n",
    "                past_city_index = pathB.path.index(city)  - 1 \n",
    "                past_city = pathB.path[past_city_index].name\n",
    "                Bneighbors.append(past_city)\n",
    "                Bneighbors.append(next_city)\n",
    "                neighbors = list(set(Aneighbors).union(Bneighbors))\n",
    "                edges[city.name] = neighbors\n",
    "                a = random.randint(0,length-1)\n",
    "                choosen = str(a)\n",
    "            child=[]\n",
    "            for i in range(length): \n",
    "                min = 5\n",
    "                child.append(int(choosen))\n",
    "                for j in range(length):\n",
    "                    if choosen in edges[str(j)]:\n",
    "                        edges[str(j)].remove(choosen)\n",
    "                for k in edges[choosen]:\n",
    "                    if len(edges[k])<=min:\n",
    "                        min = len(edges[k])\n",
    "                        choosen = k\n",
    "                if len(edges[choosen]) == 0:\n",
    "                    for p in range(length):\n",
    "                        min = 5\n",
    "                        for l in edges[str(p)] :\n",
    "                            if l not in child and len(edges[str(p)]) <= min:\n",
    "                                choosen = l\n",
    "                                min = len(edges[str(p)])\n",
    "                                            \n",
    "            child2=Path(path_to_decode=child)   \n",
    "            child2.path_lenght()\n",
    "            return child2\n",
    "            \n",
    "        \n",
    "                            \n",
    "    def mutation(Path , methode = \"linK-opt\"):\n",
    "                swaps = random.randint(1,29)\n",
    "                k = np.arange(length)\n",
    "                random.shuffle(k)\n",
    "                Ay = list(k)\n",
    "                i1 = Ay.pop()\n",
    "                a = Path.path[i1] # choose fixed city\n",
    "                for _ in range(swaps): # do subsequential 2-opt or 3-opt on that fixed point \n",
    "                    OPT = random.randint(2,3)\n",
    "                    if OPT == 2:\n",
    "                        i2 , iDel = random.sample(Ay , 2)\n",
    "                        b = Path.path[i2]\n",
    "                        i3 = i1 - len(cities) + 1\n",
    "                        i4 = i2 - len(cities) + 1\n",
    "                        c = Path.path[i3]\n",
    "                        d = Path.path[i4]\n",
    "                        if d != a and a.distances[c.name] +  b.distances[d.name] > a.distances[d.name] +  b.distances[c.name]:\n",
    "                            Path.path[i3] , Path.path[i4]  = Path.path[i4] , Path.path[i3]  \n",
    "                            Path.path_lenght()\n",
    "                            \n",
    "                    elif OPT == 3:  \n",
    "                        i20,i30 = random.sample(Ay , 2)\n",
    "                        b = Path.path[i20]\n",
    "                        c = Path.path[i30]\n",
    "                        i40 = i1 - len(cities) + 1\n",
    "                        i50 = i20 - len(cities) + 1\n",
    "                        i60 = i30 - len(cities) + 1\n",
    "                        x = Path.path[i40]\n",
    "                        y = Path.path[i50]\n",
    "                        z = Path.path[i60]\n",
    "                        if a != y and a != z: \n",
    "                            if(a.distances[x.name] +  b.distances[y.name] + c.distances[z.name] > a.distances[y.name] +  b.distances[z.name] + c.distances[x.name]) :\n",
    "                                Path.path[i40] , Path.path[i50] , Path.path[i60] = Path.path[i50] , Path.path[i60] ,Path.path[i40]  \n",
    "                                Path.path_lenght()\n",
    "                                \n",
    "            "
   ]
  },
  {
   "cell_type": "markdown",
   "metadata": {},
   "source": [
    "## Methodes de selection\n",
    "\n",
    "\n",
    "Pour générer une nouvelle population on a besoin d'une méthode de selection , il existe plusieurs methode de selection ; les plus connues étant :\n",
    "\n",
    "### 1- Méthode de tournoi :\n",
    "\n",
    "elle consiste à tirer au hasard $n < $pop_size chromosome de la population et de voir qui d'entre eux à la meilleur fitness (i.e le chemin le plus court ).\n",
    "plus on augumente n , plus on favorise la survi des meilleur chromosome et plus on augumente le temps d'execution\n",
    "\n",
    "\n",
    "\n",
    "### 2- Méthode de la roulette\n",
    "\n",
    "elle consiste à affecter à chaque chromosome une probabilité proportionelle à sa fitness. \n",
    "\n",
    "### 3- Elitism \n",
    "\n",
    "il suffit tout simplement de prendre les $n$ meilleurs chromosome sans laisser de chance aux autres \n",
    "\n",
    "\n",
    "\n",
    "\n"
   ]
  },
  {
   "cell_type": "code",
   "execution_count": 5,
   "metadata": {},
   "outputs": [],
   "source": [
    "class Selection(object):\n",
    "    \n",
    "    def Survivor(POP):\n",
    "        fighters = Population()\n",
    "        for _ in range(Survival_rate):\n",
    "            fighters.paths.append(random.choice(POP.paths))\n",
    "        return fighters.best_path(0)\n",
    "   \n",
    "    def Generate_new_era(population):\n",
    "        #on crée une nouvelle population aléatoirement\n",
    "        methode = cross_over_default\n",
    "        new_era = Population()\n",
    "        new_era.size = population.size\n",
    "        elite = 0\n",
    "        bests = population.best_path()\n",
    "        while elite < ELIT_NUM :       \n",
    "            #on remplace le premier element par le meilleur element de notre ancienne population\n",
    "            new_era.paths.append(bests[elite])\n",
    "            #print(\"appended %d\" %(new_era.best_path(self.elite).length))\n",
    "            elite += 1\n",
    "        for chromosome in range(elite,POP_SIZE):\n",
    "            do_cross = random.random()\n",
    "            do_mut = random.random()\n",
    "            path_to_evolve = Selection.Survivor(population)\n",
    "            if  do_cross < cross_over_probability:\n",
    "                #p3 = Path(1)\n",
    "                p1 = Selection.Survivor(population)\n",
    "                p2 = Selection.Survivor(population)\n",
    "                #p3 = self.Survivor(population)\n",
    "                if p1 != p2:\n",
    "                    path_to_evolve = genetic_tools.cross_over(p1,p2,methode)      \n",
    "            if do_mut < MUT_PROB:\n",
    "                genetic_tools.mutation(path_to_evolve)      \n",
    "            new_era.paths.append(path_to_evolve)\n",
    "        \n",
    "        return new_era\n",
    "    def migrate(population):\n",
    "        print(\"migration...\")\n",
    "        new_island = Population(POP_SIZE)\n",
    "        for chromosome in range(1,POP_SIZE):\n",
    "            do_mut = random.random()\n",
    "            p1 = population.best_path(0)\n",
    "            p2 = new_island.paths[chromosome]\n",
    "            path_to_evolve = genetic_tools.cross_over(p1,p2,cross_over_default)  \n",
    "            if  do_mut < MUT_PROB:\n",
    "                genetic_tools.mutation(path_to_evolve)\n",
    "            new_island.paths[chromosome] = path_to_evolve\n",
    "        migrated_island = Population()\n",
    "        Winners = new_island.best_path()\n",
    "        migrated_island.paths= Winners[:population.size]\n",
    "        return new_island"
   ]
  },
  {
   "cell_type": "markdown",
   "metadata": {},
   "source": [
    "# Exemples \n",
    "\n",
    "on va voir désormais la performance de ce programme sur des instances de 29 ,51 et 280 villes \n",
    "pour celà on va rassembler toute nos classe dans une classe d'application finale \n",
    "\n"
   ]
  },
  {
   "cell_type": "code",
   "execution_count": 6,
   "metadata": {},
   "outputs": [],
   "source": [
    "class Applied_Genetics(object):    \n",
    "    def Multi_Population_GA(self,generations = 100 , v = 50 , m = 0 , cv = 20 , cd = 20):  \n",
    "        global cross_over_probability\n",
    "        global MUT_PROB\n",
    "        global ELIT_NUM\n",
    "        global Survival_rate\n",
    "        global POP_SIZE\n",
    "        global convergence_limite\n",
    "        global swaps \n",
    "        global POP_SIZE     \n",
    "        global cross_over_default\n",
    "        cross_over_default = \"ERX\"\n",
    "        self.changelen = []\n",
    "        self.changepath = []\n",
    "        self.density = {}\n",
    "        convergence=[]\n",
    "        cooldown = cd\n",
    "        migrated = 0\n",
    "        alpha = cv\n",
    "        Evolved_population = Population(POP_SIZE) \n",
    "        for k in range(generations+1):\n",
    "            Evolved_population = Selection.Generate_new_era(Evolved_population)\n",
    "            if m ==1 :\n",
    "                convergence.append(Evolved_population.best_path(0).length)   \n",
    "                if k >30:\n",
    "                    IND = k-alpha\n",
    "                    convergence_test = convergence[IND]-convergence[k]\n",
    "                    if convergence_test <= 0 and cooldown >= cd:\n",
    "                        cross_over_probability = 1\n",
    "                        MUT_PROB = 1\n",
    "                        Evolved_population = Selection.migrate(Evolved_population )\n",
    "                        migrated = 1\n",
    "                        cooldown = 0 \n",
    "                    if migrated == 1:\n",
    "                        cooldown += 1\n",
    "            T = Evolved_population.best_path()\n",
    "            density = []\n",
    "            for i in range(POP_SIZE):\n",
    "                density.append(T[i].length)\n",
    "            self.changepath.append(Evolved_population.best_path(0))\n",
    "            self.changelen.append(Evolved_population.best_path(0).length-10)\n",
    "            self.density[k]=density\n",
    "            if k % v == 0:\n",
    "                print(\"%dth generation best path is =: %.2f \" % (k,self.changepath[k].length))\n",
    "        self.Best_path = sorted(self.changepath , key=lambda x: x.length, reverse=False)[0]\n",
    "        return self"
   ]
  },
  {
   "cell_type": "code",
   "execution_count": 7,
   "metadata": {},
   "outputs": [],
   "source": [
    "import numpy as np\n",
    "import random\n",
    "import pandas as pd\n",
    "a280 = pd.read_csv('a280.tsp', delim_whitespace=True , index_col=0 , header=None)\n",
    "e51 =  pd.read_csv('eil51.tsp', delim_whitespace=True , index_col=0 , header=None)\n",
    "i29=[[0.000000,107.000000,241.000000,190.000000,124.000000,80.000000,316.000000,76.000000,152.000000,157.000000,283.000000,133.000000,113.000000,297.000000,228.000000,129.000000,348.000000,276.000000,188.000000,150.000000,65.000000,341.000000,184.000000,67.000000,221.000000,169.000000,108.000000,45.000000,167.000000],\n",
    "[107.000000,0.000000,148.000000,137.000000,88.000000,127.000000,336.000000,183.000000,134.000000,95.000000,254.000000,180.000000,101.000000,234.000000,175.000000,176.000000,265.000000,199.000000,182.000000,67.000000,42.000000,278.000000,271.000000,146.000000,251.000000,105.000000,191.000000,139.000000,79.000000],\n",
    "[241.000000,148.000000,0.000000,374.000000,171.000000,259.000000,509.000000,317.000000,217.000000,232.000000,491.000000,312.000000,280.000000,391.000000,412.000000,349.000000,422.000000,356.000000,355.000000,204.000000,182.000000,435.000000,417.000000,292.000000,424.000000,116.000000,337.000000,273.000000,77.000000],\n",
    "[190.000000,137.000000,374.000000,0.000000,202.000000,234.000000,222.000000,192.000000,248.000000,42.000000,117.000000,287.000000,79.000000,107.000000,38.000000,121.000000,152.000000,86.000000,68.000000,70.000000,137.000000,151.000000,239.000000,135.000000,137.000000,242.000000,165.000000,228.000000,205.000000],\n",
    "[124.000000,88.000000,171.000000,202.000000,0.000000,61.000000,392.000000,202.000000,46.000000,160.000000,319.000000,112.000000,163.000000,322.000000,240.000000,232.000000,314.000000,287.000000,238.000000,155.000000,65.000000,366.000000,300.000000,175.000000,307.000000,57.000000,220.000000,121.000000,97.000000],\n",
    "[80.000000,127.000000,259.000000,234.000000,61.000000,0.000000,386.000000,141.000000,72.000000,167.000000,351.000000,55.000000,157.000000,331.000000,272.000000,226.000000,362.000000,296.000000,232.000000,164.000000,85.000000,375.000000,249.000000,147.000000,301.000000,118.000000,188.000000,60.000000,185.000000],\n",
    "[316.000000,336.000000,509.000000,222.000000,392.000000,386.000000,0.000000,233.000000,438.000000,254.000000,202.000000,439.000000,235.000000,254.000000,210.000000,187.000000,313.000000,266.000000,154.000000,282.000000,321.000000,298.000000,168.000000,249.000000,95.000000,437.000000,190.000000,314.000000,435.000000],\n",
    "[76.000000,183.000000,317.000000,192.000000,202.000000,141.000000,233.000000,0.000000,213.000000,188.000000,272.000000,193.000000,131.000000,302.000000,233.000000,98.000000,344.000000,289.000000,177.000000,216.000000,141.000000,346.000000,108.000000,57.000000,190.000000,245.000000,43.000000,81.000000,243.000000],\n",
    "[152.000000,134.000000,217.000000,248.000000,46.000000,72.000000,438.000000,213.000000,0.000000,206.000000,365.000000,89.000000,209.000000,368.000000,286.000000,278.000000,360.000000,333.000000,284.000000,201.000000,111.000000,412.000000,321.000000,221.000000,353.000000,72.000000,266.000000,132.000000,111.000000],\n",
    "[157.000000,95.000000,232.000000,42.000000,160.000000,167.000000,254.000000,188.000000,206.000000,0.000000,159.000000,220.000000,57.000000,149.000000,80.000000,132.000000,193.000000,127.000000,100.000000,28.000000,95.000000,193.000000,241.000000,131.000000,169.000000,200.000000,161.000000,189.000000,163.000000],\n",
    "[283.000000,254.000000,491.000000,117.000000,319.000000,351.000000,202.000000,272.000000,365.000000,159.000000,0.000000,404.000000,176.000000,106.000000,79.000000,161.000000,165.000000,141.000000,95.000000,187.000000,254.000000,103.000000,279.000000,215.000000,117.000000,359.000000,216.000000,308.000000,322.000000],\n",
    "[133.000000,180.000000,312.000000,287.000000,112.000000,55.000000,439.000000,193.000000,89.000000,220.000000,404.000000,0.000000,210.000000,384.000000,325.000000,279.000000,415.000000,349.000000,285.000000,217.000000,138.000000,428.000000,310.000000,200.000000,354.000000,169.000000,241.000000,112.000000,238.000000],\n",
    "[113.000000,101.000000,280.000000,79.000000,163.000000,157.000000,235.000000,131.000000,209.000000,57.000000,176.000000,210.000000,0.000000,186.000000,117.000000,75.000000,231.000000,165.000000,81.000000,85.000000,92.000000,230.000000,184.000000,74.000000,150.000000,208.000000,104.000000,158.000000,206.000000],\n",
    "[297.000000,234.000000,391.000000,107.000000,322.000000,331.000000,254.000000,302.000000,368.000000,149.000000,106.000000,384.000000,186.000000,0.000000,69.000000,191.000000,59.000000,35.000000,125.000000,167.000000,255.000000,44.000000,309.000000,245.000000,169.000000,327.000000,246.000000,335.000000,288.000000],\n",
    "[228.000000,175.000000,412.000000,38.000000,240.000000,272.000000,210.000000,233.000000,286.000000,80.000000,79.000000,325.000000,117.000000,69.000000,0.000000,122.000000,122.000000,56.000000,56.000000,108.000000,175.000000,113.000000,240.000000,176.000000,125.000000,280.000000,177.000000,266.000000,243.000000],\n",
    "[129.000000,176.000000,349.000000,121.000000,232.000000,226.000000,187.000000,98.000000,278.000000,132.000000,161.000000,279.000000,75.000000,191.000000,122.000000,0.000000,244.000000,178.000000,66.000000,160.000000,161.000000,235.000000,118.000000,62.000000,92.000000,277.000000,55.000000,155.000000,275.000000],\n",
    "[348.000000,265.000000,422.000000,152.000000,314.000000,362.000000,313.000000,344.000000,360.000000,193.000000,165.000000,415.000000,231.000000,59.000000,122.000000,244.000000,0.000000,66.000000,178.000000,198.000000,286.000000,77.000000,362.000000,287.000000,228.000000,358.000000,299.000000,380.000000,319.000000],\n",
    "[276.000000,199.000000,356.000000,86.000000,287.000000,296.000000,266.000000,289.000000,333.000000,127.000000,141.000000,349.000000,165.000000,35.000000,56.000000,178.000000,66.000000,0.000000,112.000000,132.000000,220.000000,79.000000,296.000000,232.000000,181.000000,292.000000,233.000000,314.000000,253.000000],\n",
    "[188.000000,182.000000,355.000000,68.000000,238.000000,232.000000,154.000000,177.000000,284.000000,100.000000,95.000000,285.000000,81.000000,125.000000,56.000000,66.000000,178.000000,112.000000,0.000000,128.000000,167.000000,169.000000,179.000000,120.000000,69.000000,283.000000,121.000000,213.000000,281.000000],\n",
    "[150.000000,67.000000,204.000000,70.000000,155.000000,164.000000,282.000000,216.000000,201.000000,28.000000,187.000000,217.000000,85.000000,167.000000,108.000000,160.000000,198.000000,132.000000,128.000000,0.000000,88.000000,211.000000,269.000000,159.000000,197.000000,172.000000,189.000000,182.000000,135.000000],\n",
    "[65.000000,42.000000,182.000000,137.000000,65.000000,85.000000,321.000000,141.000000,111.000000,95.000000,254.000000,138.000000,92.000000,255.000000,175.000000,161.000000,286.000000,220.000000,167.000000,88.000000,0.000000,299.000000,229.000000,104.000000,236.000000,110.000000,149.000000,97.000000,108.000000],\n",
    "[341.000000,278.000000,435.000000,151.000000,366.000000,375.000000,298.000000,346.000000,412.000000,193.000000,103.000000,428.000000,230.000000,44.000000,113.000000,235.000000,77.000000,79.000000,169.000000,211.000000,299.000000,0.000000,353.000000,289.000000,213.000000,371.000000,290.000000,379.000000,332.000000],\n",
    "[184.000000,271.000000,417.000000,239.000000,300.000000,249.000000,168.000000,108.000000,321.000000,241.000000,279.000000,310.000000,184.000000,309.000000,240.000000,118.000000,362.000000,296.000000,179.000000,269.000000,229.000000,353.000000,0.000000,121.000000,162.000000,345.000000,80.000000,189.000000,342.000000],\n",
    "[67.000000,146.000000,292.000000,135.000000,175.000000,147.000000,249.000000,57.000000,221.000000,131.000000,215.000000,200.000000,74.000000,245.000000,176.000000,62.000000,287.000000,232.000000,120.000000,159.000000,104.000000,289.000000,121.000000,0.000000,154.000000,220.000000,41.000000,93.000000,218.000000],\n",
    "[221.000000,251.000000,424.000000,137.000000,307.000000,301.000000,95.000000,190.000000,353.000000,169.000000,117.000000,354.000000,150.000000,169.000000,125.000000,92.000000,228.000000,181.000000,69.000000,197.000000,236.000000,213.000000,162.000000,154.000000,0.000000,352.000000,147.000000,247.000000,350.000000],\n",
    "[169.000000,105.000000,116.000000,242.000000,57.000000,118.000000,437.000000,245.000000,72.000000,200.000000,359.000000,169.000000,208.000000,327.000000,280.000000,277.000000,358.000000,292.000000,283.000000,172.000000,110.000000,371.000000,345.000000,220.000000,352.000000,0.000000,265.000000,178.000000,39.000000],\n",
    "[108.000000,191.000000,337.000000,165.000000,220.000000,188.000000,190.000000,43.000000,266.000000,161.000000,216.000000,241.000000,104.000000,246.000000,177.000000,55.000000,299.000000,233.000000,121.000000,189.000000,149.000000,290.000000,80.000000,41.000000,147.000000,265.000000,0.000000,124.000000,263.000000],\n",
    "[45.000000,139.000000,273.000000,228.000000,121.000000,60.000000,314.000000,81.000000,132.000000,189.000000,308.000000,112.000000,158.000000,335.000000,266.000000,155.000000,380.000000,314.000000,213.000000,182.000000,97.000000,379.000000,189.000000,93.000000,247.000000,178.000000,124.000000,0.000000,199.000000],\n",
    "[167.000000,79.000000,77.000000,205.000000,97.000000,185.000000,435.000000,243.000000,111.000000,163.000000,322.000000,238.000000,206.000000,288.000000,243.000000,275.000000,319.000000,253.000000,281.000000,135.000000,108.000000,332.000000,342.000000,218.000000,350.000000,39.000000,263.000000,199.000000,0.000000],\n",
    "];\n"
   ]
  },
  {
   "cell_type": "code",
   "execution_count": 9,
   "metadata": {},
   "outputs": [
    {
     "name": "stdout",
     "output_type": "stream",
     "text": [
      "0th generation best path is =: 3882.00 \n",
      "10th generation best path is =: 2567.00 \n",
      "20th generation best path is =: 2246.00 \n",
      "30th generation best path is =: 2070.00 \n",
      "40th generation best path is =: 2031.00 \n",
      "best path found : 2031 , optimal = 2020 , error = 0.541605 percent \n"
     ]
    }
   ],
   "source": [
    "cities = []\n",
    "for i in range(0,len(i29)):\n",
    "    name = str(i)\n",
    "    City(name,0,0)\n",
    "    for j in range(0,len(i29)):\n",
    "         cities[i].distances[str(j)]=i29[i][j]\n",
    "length = len(cities)\n",
    "POP_SIZE = 500\n",
    "MUT_PROB = 0.5\n",
    "cross_over_probability = 1\n",
    "ELIT_NUM = int(POP_SIZE*0.4)\n",
    "Survival_rate = 5\n",
    "EvolvedPopulation= Applied_Genetics().Multi_Population_GA(40,10,0,0,0)\n",
    "print (\"best path found : %d , optimal = 2020 , error = %f percent \" % (EvolvedPopulation.Best_path.length,(1-2020/EvolvedPopulation.Best_path.length)*100)) \n"
   ]
  },
  {
   "cell_type": "code",
   "execution_count": 10,
   "metadata": {},
   "outputs": [
    {
     "data": {
      "text/plain": [
       "[<matplotlib.lines.Line2D at 0x2030ef705f8>]"
      ]
     },
     "execution_count": 10,
     "metadata": {},
     "output_type": "execute_result"
    },
    {
     "data": {
